scaffold636:1333501-1343000	9500	0.91149596522922	0.184025	0.87549	0.143063	0.218021	0.201124	0.199847	1.94347	1.60629	1.62438	1.73483	1.51212
scaffold635:339334-361000	21667	0.819042407948852	1.34667	1.47293	1.31121	1.36528	1.50639	1.32873	0.781363	0.626635	0.686344	0.719941	0.0340052
scaffold829:559001-579000	20000	0.81487971045973	0.574941	0.552835	0.491521	0.650258	0.704519	0.690984	0.396229	0.383405	0.304653	0.31744	0.350489
scaffold192:9001-17000	8000	0.791071396650355	1.58005	2.06007	1.4943	1.43253	1.5229	2.8405	0.0265574	0.00619203	0.0121188	0.775306	0.0559466
scaffold242:1584001-1589000	5000	0.79083300906792	0.091733	0.0660898	0.056942	0.0567997	0.0472297	0.0563862	0.0083291	0.0161082	0.0235376	0.027235	0.0155854
